0.5833333 0.3166667 0.000001547 0.000000995 0.7200667 
0.8333333 0.8500000 0.177123441 0.005865002 1.5351667 
1.2833333 1.2666667 0.272253703 0.063119730 2.2873500 
0.2833333 0.1166667 0.000000054 0.000000021 0.3248000 
1.3500000 1.6333333 0.293183345 0.022444838 2.7430167 
2.9333333 2.8833333 1.090211204 0.774013091 4.2112500 
0.7166667 0.9500000 0.104009156 0.033503394 1.6918167 
0.4833333 0.5000000 0.037219687 0.000000342 0.8722833 
0.4166667 0.7166667 0.033364454 0.003268584 1.1426500 
0.3666667 0.2666667 0.009675445 0.000000148 0.5508167 
0.9166667 0.7500000 0.350488247 0.000000142 1.2353333 
